MISSES E
0.8383992910385132
0.612736701965332
0.6266263127326965
0.6688359379768372
0.6688359379768372
0.8790457248687744
0.6183302402496338
0.9037265777587891

MISSES TIER
0.07162635773420334
0.060553573071956635
0.06247063726186752
0.07036293298006058
0.07036293298006058
0.07479620724916458
0.06151894852519035
0.08170010894536972

HIT E
0.05186653509736061
0.06214044615626335
0.0579407662153244
0.02626330405473709
0.0002303911605849862
0.02878839150071144
0.025709623470902443
0.0002303911605849862
0.02878839150071144
0.025709623470902443
0.0002303911605849862
0.032250575721263885
0.025709623470902443
0.0002303911605849862
0.02878839150071144
0.025709623470902443
0.0002303911605849862
0.02878839150071144
0.025709623470902443
0.0002303911605849862
0.02878839150071144
0.025709623470902443
0.0002303911605849862
0.02878839150071144
0.08856872469186783
0.05788923427462578
0.06806620955467224
0.1853787750005722
0.11736257374286652
0.13825170695781708
0.025709623470902443
0.06457522511482239
0.057260673493146896
0.06754100322723389
0.025709623470902443
0.0002303911605849862
0.029611704871058464
0.03132201358675957
0.0002303911605849862
0.02878839150071144
0.025709623470902443
0.0002303911605849862
0.02878839150071144
0.03227081149816513
0.0002303911605849862
0.032250575721263885


HIT TIER
0.011558251455426216
0.02172900177538395
0.00948239304125309
0.003559789853170514
0.005921699572354555
0.0006249460857361555
0.0041827429085969925
0.0073075322434306145
0.0006630968418903649
0.004425279796123505
0.005970997270196676
0.0006964192725718021
0.005606114398688078
0.006314986851066351
0.0006266782293096185
0.0034702778793871403
0.00952885951846838
0.0005428547156043351
0.003884498495608568
0.005970997270196676
0.0006034373072907329
0.004109610337764025
0.006592849735170603
0.0008841456728987396
0.019865848124027252
0.024249974638223648
0.019183015450835228
0.021047204732894897
0.026152772828936577
0.021871691569685936
0.0041827429085969925
0.014023298397660255
0.02415275387465954
0.01926737278699875
0.004113863687962294
0.006314986851066351
0.0006015194812789559
0.006508229300379753
0.006316532380878925
0.0013655588263645768
0.0066581955179572105
0.006314986851066351
0.0004995921044610441
0.004387440159916878
0.006361115258187056
0.0006964192725718021