ipad
0.0016391636
0.009603662
0.010942759
0.011034982
0.011599296
0.0016943236
0.0096716415
0.011153828
0.011498903
0.011638542
0.0022996846
0.009644591
0.011586698
0.0016532898
0.0096398005
0.01103754
0.011064213
0.011581238
0.0001533834
0.002263009
0.009651506
0.0115845315
0.0016174025
0.009639821
0.011140277
0.011462061
0.011578526
0.0025235484
0.009643015
0.0114767095
0.01163282
0.0027138877
0.009700034
0.011633381
0.00249258
0.009712344
0.011521481
0.011643811
0.0025446266
0.009672564
0.0115467105
0.011645678
0.0022879078
0.009675814
0.011575971
0.002455535
0.009662802
0.011171664
0.011578655
0.0024192715
0.0096545825
0.011112055
0.011579567

non-ipad
0.004544471
0.017526321
0.017566867
0.019280406
0.0050514713
0.017500568
0.017591346
0.017985664
0.019112987
0.002962741
0.014913292
0.0031519702
0.0031519702
0.004475343
0.014871483
0.016367853
0.01690095
0.018376628
0.01133231
0.017412951
0.017635453
0.018364351
0.018417314
0.00562132
0.015679289
0.017787829
0.0044006915
0.0152526535
0.016456282
0.01696885
0.018579291